3.71429 1.18182
1 373
2 1
16.6389 3.8072
1 1
2.60784 33.25
1 1
1 12
2.01515 7.28767
10.7143 1.01351
1.1 1.1
1 1.25
4.28571 1
3.16667 23.75
1.41333 2.25532
2.77778 3.125
1 1
1.25 1.66667
1.33333 2.66667
1.82143 1.7
1.48148 2.85714
5.85714 1.025
1 1
1.33333 1
1 26
4 1
1.00901 37.3333
1.92 1.23077
1.17241 1.36
2.75 1.46667
3.81111 3.89773
1.6 1.33333
1.05 21
2.14286 1.11111
1.05 1.75
6.71429 1.02174
1 1
1.09191 1
1 4.75
35.5 1.02899
6 1
1.25 1.5
720.5 1.05568
1.41176 1.2
7.51613 16.6429
1.95283 6.08824
1 3
1 1.5
1.12162 1.09211
14.525 11.3922
4.92308 1.16364
1 2.5
10.3558 37.1379
1.11798 41.98
1 3.57143
1 1
1 378
1 1
2.68217 4.29814
1.89773 5.85965
65 1.04278
2 1
12.2439 3.40339
1 1
1.17838 2.1165
60.5868 3.93294
1.33333 2
1 2
1.66667 1
1 1.33333
1 1.5
31.15 7.16092
1.17442 3.74074
1 33
2.76933 15.8944
1 1.5
11.1176 1.16667
1.25 1.81818
1 4.25735
1 2.33333
1 1
1.4 1.4
1 1
14.2 1.10938
1 3
2.85714 14.1176
2963.5 1.21182
1 19.5
2.66667 1
8.97778 1.29487
1 1
1 3
1 13
18.717 5.53674
1 1
7.05 1
2 1.75
1.2716 17.1667
4.45833 1.15054
1.5 1
1 2.6
1 1
2.66667 1.77778
5.66667 1.54545
1.34737 5.08039
1 1.5
15.5 1.06897
1 44
1 5
1.1 1.57143
1.25 1.25
3 1
2.5 1.25
1 1
1 1
2.125 1
1.36 1.17241
1 1
7.34247 1.98519
2.84615 1.89744
1.08271 4.64516
1 1
1.29412 1.57143
16 1.03896
1.23077 1.33333
2 1
1.75806 4.95455
1.27778 11.5
1 1
1.13333 3.1875
1 1
3.16667 3.16667
1 1
2 5
9 9
1 1
5.99682 39.3292
1.02703 38
1 1
1 8
1 1
1 1
1 1
5.2399 5.22043
2.68852 3.03704
2 1
1.09091 3
1 1
3.05 1.74286
1 1
1.48571 5.77778
1.10526 1.3125
1.0303 15.1111
1 1.14286
1 4.2
1 1
1.31034 6.33333
1.25 1.5
1 1
2.5 1
3.40067 11.8824
1 1
1.24138 12
4.09677 4.23333
1 1
1 4
20.125 1
13.1429 4.6
5.57143 2.4375
1 8.5
1 4
5.6 1.55556
1 13
1 1.54545
3.53846 1.58621
1 7
2.5 5.71429
1 1
3.37255 24.5714
1 1
1 3.60292
1 1
1 1
2 1.2
1.01481 1.06202
4.16667 1.25
1 1
1.08108 4.44444
1 68
1.00909 3.17143
6.87701 13.6809
1 3
3.10992 464
22.5349 3.1875
1.23077 1.6
1.94085 34.45
5 1
7 1.03704
1 1
7.28767 2.01515
19.2125 1.38844
1.15385 3
4.5 1
1.18018 1.15929
4.47059 3.90144
1 1
4.5 1.125
1.17284 3.11475
4.33333 1.39286
1.25 1.25
3.67742 1.72727
1 1.08
3.5 3.5
4.64286 1.03175
1.17647 2.22222
1 1
9.36923 40.6
3.16667 3.16667
1 14
3.5 1
1 1
1 1
12.7778 1
1 8
1 1
21.1905 4.78495
3 2.5
1.44444 1.625
1 1
8.80488 6.22414
1.5 1
1.35897 6.625
1.36667 7.93548
1 7.09302
1 1.33333
1 2.16667
1.6 1.33333
2 1.14286
1.43636 26.3333
1 1
17 1.54545
1.40625 4.77273
4.51291 21.4918
1 1
3.28571 2.875
1 34.5
324.143 3.04155
1 2.33333
1.03797 61.5
1.88889 1.0625
8.4 1
15.125 1.09009
1 1
1 1.33333
9.5 1
1.17143 2.92857
1.88889 2.83333
38 1
3.8 1
4.425 12.6429
3.66667 1
42.1818 1
1 1
2 1
1.5 1
1.01163 1.37549
1.16667 1
1.66667 1
15.3333 1.04545
1.50193 31.5
2.8 1
1.38333 1.31746
1 1
1 1
1 1
1 1
1 2
3.38 2.91379
10 1
1 1
1.08342 5.01932
1 1
1 370
1.6087 4.11111
1.39286 2.6
1.06809 2.16379
1.16667 1.27273
1 1
3.44444 1.10714
1.66667 1
1 1
1.5 1.5
1.14286 2
1.4717 5.57143
1.01316 15.4
1 4
3.58626 93.5417
1 1
1.12773 24.1333
1 1.6
1.2 3
1 1
5.14062 1.02174
1 1
1.16364 3.04762
1 1
1 151
1 1
1.2541 1.275
1.4 3.59459
1.08101 1.10909
2.07602 3.03419
3.27273 1
5 1.04167
33.0588 8.38806
1.33333 1.33333
37.3684 10.1914
9.5 1
1 90.5
4.85932 1.41215
1 1
2.5 1
4.51064 7.85185
6 1
3.51852 1.20253
1 2
2.17325 14.8958
6.68421 9.29268
4.2 2.33333
30.0417 1.34766
3.82721 16.8762
2.375 2.375
1.02985 23
6.42424 3.28682
221 1
1.69697 1.24444
1.40125 18.8916
8.33333 8.33333
1 1
1 8
4.5 1.8
1.14912 43.6667
1 1
2 1
1 5
1.34483 1.69565
1 389
6 1
1.03448 1.875
7.66667 2.02941
1 3
1 1.8
1.67416 49.6667
20.8333 1.05042
4.18978 1
4.82273 1.08487
1.56164 6.33333
1 1
1 1
1 1
1 60
1.07692 1
1.33333 1.33333
1.84211 2.5
1 1
1 4
1.76471 1.57895
1 1.14286
1.8738 19.3759
2.6 2.6
1.75 3.5
5 1
1.05 4.2
1 1
1 1.2
1 9.75
11.6429 15.1628
1.33333 1.33333
1.25 1.66667
1.71429 1.71429
5 1
3.03624 323.143
1.0468 3.09091
1 1
19.8929 10.8789
1 160
6.4 1.6
3.04435 377.5
1.22581 2.5
1 1
86.3333 1.9771
1 1
1 3.5
1.1 1.29412
1.42489 6.91667
1 2.52632
4.70833 1.22826
1.30769 1.88889
3.5 1.21739
1 4
14 1
1 6
7.67857 4.47917
1.84211 1.52174
2.66667 1
1.2 1
1 1
15 1.17188
1.16667 3.5
6 1
1.06509 1.05882
1 1
1.2 1.71429
1 1
1.72222 5.16667
5 1
1.1997 2.35629
1.3125 1.05
1 3
1.06557 16.25
1 1.4
1.81075 5.69265
2.22222 1.17647
1 1
7.5 1
1.0213 88.5385
1 1
1 1
5.72222 2
26.9221 1.26402
1 7
1 1
3.46875 1.00909
1.61111 1.16
1 1
1 1
1.21414 3.98013
2 1
5.43333 1.00617
7 1
1.62338 1.64474
25 1.04167
1.69565 1.41176
3.4 3.4
1.9542 85.3333
1.01111 60.6667
1 1
1 1
7.20225 32.05
1 2
13.6842 1.25604
1.2 1.5
4 1
1.26316 1.18033
3 1
1.34783 2.21429
1.44149 3.15116
1 1
5 1.52174
1.63958 7.60656
1.08696 3.125
3.28866 1.38395
1.62162 2.4
1.4 1.5
1 1
1 1.75
1.5 1
4.4359 12.3571
7.33333 1
1.21008 1.35849
14.5824 7.09626
1.0303 2.42857
31.625 31.3636
2.5 1
1.55224 9.90476
7.80952 1.44493
1 24.5
2.86145 2.84431
1.09091 1
1 19.5
1.63636 1.38462
1.08824 1.23333
1.12 1.64706
1.31579 5
2.61324 11.3636
1.46535 1
2.5 1
1 1
1 789
2.28571 2.66667
1 1
1.17164 7.47619
1 1
31.25 1
1.19816 4.33333
3.28048 14.0851
1 1
1 8
1.06667 12.4444
1.2 3
2.14706 1.92105
1 1
1 1
1 3
1.14286 2
1 2.5
1 3
2 1
75.4706 2.80267
1.53333 1.15
1 2
2.34593 1.20448
119 1
1.28571 2.57143
1 785
2.22222 2.35294
5.51082 18.7756
1 1
15 2.25
1.28 4
10.9459 20.25
1.5 2
2.32609 1.46575
1.75 1.16667
1.25 1.25
1.05556 6.33333
1 64
6.53333 1.18072
1 1
1.63158 1.03333
22.3109 22.125
1 1
1.375 1.375
2.30769 1.42857
1.24 2.38462
3.325 1.43011
5.57009 18.0606
14.4286 1.83636
1 2
1.66667 2.5
1.21429 1.30769
3 1
1.0339 4.69231
7.125 31.35
1.2 5.14286
1 10.2
2.75 1.1
1 1
9.10976 8.58621
1.33333 1.11111
1.33333 1.33333
1 6
1 1
2.70833 3.54545
1 3
1 1
1 8.5
1 1
1.11765 4.07143
1.08333 4.33333
1.66667 1
1 1.33333
1 4
1 1
1 1
2.80724 76.5526
1 1.5
2.5641 6.66667
1.6 1
1 1
1.48 2.64286
1.92558 1.21053
9.5 1.05556
2.89212 1.36399
1 1
1.52381 8
1 1
1 788
70.2 1.01445
16.5455 18.8276
3.5 1
1 1.5
44.6667 1.20721
88.9231 1.01404
1 1
1 1
5 1
2.57143 2.7
1 3.74731
2.69442 3.87292
17 1
1.70722 1.68165
1 1
1 1
23 1
3.1623 22.1724
1.83333 1.375
31.5811 1.50774
1.05882 12
1.33333 1.33333
1 411
1 47.5
1.66667 2.5
1 1
1.05051 1.7931
4.5 1.5
1.91667 1.09524
1.15873 12.1667
1 1
1 1
1 2
1.0873 68.5
1.35622 1.73626
2 1
1.06548 6.17241
1 1
1 1
1.5 1.5
1.1 1.22222
1.31884 30.3333
2 1
1.33333 1.33333
14.0345 14.0345
1 1
30.1139 3.6722
1.15686 4.91667
1 1.6
44.75 1.45528
3.625 1
12.8 1.03226
1.66667 1
3.29412 1.4433
1 1.25
2.5 1
2.08571 29.2
26.4651 8.42963
1.6 1.14286
1 76
1.33333 1
1 12
1.66667 1.66667
1 1
2.81667 3.01786
1 1
1.375 1.1
21 1
1 1.33333
1.16667 1.16667
26.1863 1.75839
4.16667 1.47059
2.19231 2.71429
5.2 1.04
1 7
6.98876 31.1
1.11594 1.08451
1.15294 5.76471
1 1.5
1.28571 1.28571
1 4
1 3
1.5 1
1 1
1 1
2.53846 1.26923
2.5 1
68.6275 3.61197
1.5 1
2 1.13043
1 71.6667
1 1
1.14286 2.66667
1.4 1.4
1 2.33333
1 46
1 1
6.14286 1.30303
1 1
5 1
1.33333 1
1 2
7.72727 1
1.25 1.42857
1 1
1 2
1.05399 727.25
1 1
1.00637 5.09677
1 1
1 1
1.26316 4
1.13043 1.7931
1 10
10.75 1.10256
1.27928 47.3333
1 4
2 1
1.63636 1
1 1
4.6 1
2.10526 2.95082
1.80211 40.7619
1 1
2.82609 2.6
1 1
1 1
1.21327 14.2222
1 4
1 2
1.58333 1
2 1
9.5 1
1 1
15.617 2.21752
1.5 1
1.04878 10.75
3.44444 1.10714
7.66667 5.75
3.73333 1.07692
1 5
2.6 1.18182
6 1
1.20686 2972.5
1 1
47.6667 1
2.125 1.21429
1.31873 1.01534
24.2857 3.46939
1.31818 20.6053
1 1.5
1.64706 1.07692
1.83333 1
1 1
1 2
1 13.625
1.90801 5.74107
1 1.5
4.13043 1.21795
1 1.09091
7.37037 1.01531
1 1
1 7.25
5.2 1.04
1 1
1 3
10.4 1.625
147.341 4.72692
3.5 3.5
1 1
1.44478 39.459
8.81538 35.8125
1 1
5.30605 4.60857
1 2
1.16667 2.33333
6 1.34694
1.33333 1.33333
2.5 1
1 1.25
1.33333 1.33333
8 1
1.55556 3.5
15.6364 11.8621
1.33333 1.33333
1.14286 1.33333
12 1
1.08085 23.0909
1.07447 1.09783
1 2
2.77778 1.13636
1 16.3333
1 2
1 1
1 1.4
4.03571 1.18947
2.13265 1.1676
1.6 1.45455
1.4 1.16667
1 11
23.8571 3.34
3.35294 8.14286
1.34043 1.16667
5.79245 1.29536
1 1
1 1.4
1.42857 1.66667
1 1
11.9512 2.8
1 1
3.00862 2.06509
1.75 1.06061
1.34615 6.36364
5.5 1.0708
21.4783 4.22222
6.03571 1.90423
1 1
2.66667 2.28571
1.05172 15.25
1 1.58333
1.73913 4
3.56 25.4286
1.076 24.4545
4.46552 1.20465
1.04604 68.1667
1.00647 1.10676
4 1
16.1304 2.70803
1.25 1.02564
1 1
1.5 1
1.30769 1.88889
2.625 31.5
1 1.72727
1 1
1 2
21.0732 4.41567
1.24324 5.75
1 1
1.33333 1.09091
1.09375 1.75
2.42857 1.30769
1 1.5
1.28571 3
1.5 1
1 8
1 1
1 1
35.4783 2.63226
1 1
2 1
1 1
4.8125 1.4
2.3125 1.48
1 775
1 1
5.66667 5.66667
1 1
1 8.66667
1 1
1.01264 5.90984
8 1
1.55556 2.8
1.33333 1
2.51316 1.22436
1.66667 1
3.90333 59.0894
3.93782 18.5366
1 1
1.14286 1
1.4 1.4
8.66667 1
1.33333 1
3 1
1 1
13.1178 2.32216
1.06957 5.34783
4 1
1.74851 25.9706
1 1
15.4419 12.0727
38.8 3.95918
1.30476 1.42708
11.5714 1.11468
1 19.5
4.21212 1.81699
1 20
1 1
6.2125 6.45455
1 1.66667
1 122
1 1
1.01053 7.11111
4.66667 2.8
411 1
1.25 1
1 1
2.34417 13.0297
1.04636 17.5556
2.04962 7.35616
1 1
66.5 1.09016
2.06415 7.49315
1 1
2 1
1 17.6667
1 2.92308
4.2 1.3125
1.2381 1.44444
3.59049 66.7692
12.5 1
1 1
4.22414 22.2727
1.17308 10.1667
1.26087 26.0256
5 1
1.5 1
1.66071 13.2857
2.84615 1
1 1
33.0435 1.71558
1.66667 1
5.75 1.35294
1 49
1 201.667
1.42857 1.66667
1.08929 1.96774
5.16667 1
1 1
1 1
6.44444 1.54667
1.09231 1.23478
2.64479 2.68277
1.125 4.5
20.5 1
1.03448 15
1 1
1.42857 2
6 1.37143
1.125 2.57143
1 2
1 1
1.33333 1.33333
1 1
5.75 7.66667
1.38919 3.35509
1.15385 3
1.11515 2.37931
7.31915 3.65957
2.61111 1.06818
1.7 1
1 1
2.5 1.47059
1.13889 5.85714
1 1
104.25 1.01707
6.75 1
1.57283 44.3103
6.78261 2.9434
1 1
24.6 2.61702
1 2
1.41667 1.54545
1 2
1 4
1.28571 1.8
1 2
1.83333 1
1 158.333
12.1379 16
1 43.2727
1.44444 1
1.18391 4.12
1.14286 2
1 1
2.86667 2.96552
1.163 12.5714
1 1
1 1
2.125 2.42857
8.47059 1
1 1
1 73.3333
1.24 1.10714
1.2 3
4.1875 1.13559
2 1
1 1.00556
44 1
1 1.2
7.45082 1.64079
2.84524 2.85657
1.375 7.48
3.13504 1.04501
3.33333 1.42857
2.16333 2.17002
1.10714 12.4
1.07692 1.4
1 782
1 2
48.5 1.67241
1 1
4 1
1 7.42105
1.06383 3.84615
8.2 1.67347
2 2
1.21429 1.21429
1.77778 1.56863
1.11538 1.52632
1 37
1.02374 69
1.53846 1.05263
1.44889 4.27074
2.66667 1
3.58 25.5714
2.5 1
1.05263 1.42857
2.34483 1.04615
1 1
1 2
1 1.66667
1 1
9.55357 44.5833
4.33333 1.08333
5.5 1.73684
4.31098 2.74031
1 225
1 1
1.0125 11.5714
3.78571 4.48941
1.23077 1.77778
1 1.5
1 1.55612
1.6 8
9.0597 35.7059
14.2103 3.2429
1.25 1.25
12.75 1
1 1
3.25 2.88889
3.33333 1
1 1
1 1
1.55556 1.16667
17 1.25926
1 1.14286
1 1
2.625 1.44828
21 1
3.91837 38.4
4.4 1.375
1 1
3.55556 1.06667
2.83333 2.42857
1 1
18.5 1.02778
3.22222 1.07407
1 2
1.0303 1.25926
1 4.25
2.46154 1
2 1
1 2.5
1.04624 1.05848
1 1
1.1022 2.35359
117 1.01739
1 1
1 4
1 1
2.07143 1.16
1.10345 3.55556
1 1
1.40625 1.32353
1.53216 4.77041
1 1
1 2
2 1
1.23457 4
5.13619 1.34557
1 1
1 1.5
1 2
1 1.58824
1.31373 3.94118
2.03125 7.22222
1.5 1
1 1
2.66667 1.14286
1 1.5
2 1
1 1
1 29
2 1
1.5 1
1.06757 15.8
1.60606 17.6667
1 1
1 1
13 1
8.47794 26.814
1.02128 5.41935
1.17143 13.6667
9 1
1 1
2.66667 1.33333
2.5 1
1 1
1 1
4.73137 148.634
4.44444 1.14286
33.6667 2.40476
2 4
1.04348 6.85714
7.53846 2.45
2 1
7.7 1.04054
9.83448 75.3977
1.25 3.33333
1 1
1 4
1 1
1.5 2
1 1
55 1.20879
4.85106 21.7143
2.34884 33.6667
2.22222 2.5
1 2
5 1.09756
1.2 1.5
1.33333 1
39.6025 5.96408
2.42857 2.125
1.27273 2.8
1 1
1 1
12 1
4.83333 1.05455
1 1
1.08475 4
3.31818 1.46
1 1
6.85139 6.83091
1 6.54237
4.66667 1.81034
1 1.71429
1 1
2 2
1.72727 33.0435
1.08333 1.36842
1 1.33333
1 2
2.09091 15.3333
25 3.5
1.4 1
1 28
1.375 1.22222
1.4467 47.5
1 1860.5
17.1111 1.04762
1 8
1 1.5
3.64849 30.1361
1 2.25
1.15969 10.6857
1.32432 1.20492
1.19608 1.90625
3.65441 1
2 1
12.1111 1.07921
3.2 1.41176
5 1
1 1
1 1.66667
1.11111 2
1 1.8
2.64583 25.4
13.3333 2.47788
1 3
1.03846 9
1.01724 4.21429
25.6667 1.54
1 1
1 1.33333
5.88023 1.79882
1.35 4.5
1 2
1 1
4.28821 1.41703
1 1
1.16 4.46154
1.27575 8.17021
4.5 1
1.67568 10.3333
1.11111 10
1.125 1
1.16667 1.10526
2.4759 1.5687
2 1
1.04615 2.19355
5.98214 1.87151
2 1
1.85714 2.16667
1 1
1.46667 3.66667
1 7.66667
1.25 1
1 1
1 1
1 1
1 1
1 4
1.33333 1.33333
7 1
1 47
1 1
1.6875 13.5
1 1
1 7.4
1.16667 4.66667
2.175 1.02353
2.64519 1.82744
1 1
1 99
1 8
1 1
1 1
90.28 3.59968
1.60714 3.46154
1 1
1.5625 1.04167
1 1.5
1.25 1
1.02655 116
1.08772 15.5
1 156
2.5 1
1 1
3.23846 6.37879
1.5 1
1.25 1.25
2 1
1 21
1 1
1 1
7 1
4.64027 5.32175
43.9091 13.8
1.6 1
2 1
1 1
1 1
1 2
1 1
1 1
1.6 1.14286
3.8 1
1 2.75
2.57447 30.25
1 1
1 1.5
3.14493 1.23295
1.05882 1.63636
1.32812 4.04762
7.36986 2.00746
3 2.05085
1.30973 5.38182
2 1
1 10
6.06452 1.06818
1 1
2.625 2.625
1 1
1 2.5
1 1
1 376
1 2
49.6667 1.49749
1 1.66667
63 1.03279
1.18675 1.84112
1 3
1 1
19.3475 1.84824
1 1
1 1
1 1
1.22711 47.8571
2.4 4
1 2
1.06667 8
1 1
1 1
18.1356 16.2121
3.23077 3.23077
4.07432 1.21084
2 1
8.5 1.7
2.39461 2.36834
1.02174 2.04348
2.71429 9.5
1.2 1
2.65385 3.63158
7 1
1 7.4
1 1
1.35632 1.36416
1 1
1.66667 1.11111
1 1
1 1
18.2927 4.07609
1 55
1.4 1.55556
1.5 1
1.2 3
3.83653 2.68458
1.41667 1.7
1 149
1.6 1
1.33333 1
1 25
2 1
1 1
1.5 1
1 1
1.4 1
1.08235 5.75
1.2 1.04348
1.16667 1.16667
1 1
1 3.5
1.66667 1
1 1.33333
1.33333 1
1 61
1 125
1 7.4
1 1.25
1 52
1.48387 4.6
1.33199 2.71311
4.25 1
3.16667 1.11765
1 1
1.16667 1.4
1 1
1.22951 5.23256
11.7031 2.58276
1 1
4.575 13.0714
4.7 1.08462
1 11
1 1
1.06483 285.8
3 1.36364
1 1
1 2
1 1.06897
6.4918 1
1.83364 2.66048
1 1
10.6667 1.23077
3 1.14706
4 1
